5 14 32 10 6 11 26 16 13 56 24 38 14 40 19 4 22 3 15 19
35 33 23 19 25 21 19 16 93 29 34 6 46 25 62 39 39 17 2 32
12 40 13 88 5 35 28 16 19 67 19 15 13 10 36 9 30 6 14 13
3 27 19 67 26 33 39 36 91 4 95 30 35 19 25 32 37 19 24 11
2 28 19 14 95 4 37 17 40 38 17 43 34 26 27 37 28 33 23 14
43 6 8 27 6 24 12 49 26 35 28 30 31 6 27 16 3 12 9 19
40 38 85 5 5 8 38 18 6 15 15 25 31 5 9 19 18 36 1 19
28 21 26 20 33 4 31 14 13 30 28 16 29 9 10 2 8 20 29 9
25 20 17 23 16 2 15 35 5 2 23 13 30 13 33 30 38 40 43 3
37 23 22 2 22 2 24 17 26 21 13 42 15 35 85 21 32 6 37 28
1 23 8 18 2 49 34 11 25 40 19 48 12 2 6 21 19 73 6 36
64 36 25 15 28 8 11 88 23 4 29 21 18 71 20 17 34 38 4 39
6 38 39 22 10 13 27 37 17 40 10 34 40 33 40 26 27 11 36 20
16 8 8 5 37 18 18 30 19 40 20 96 12 40 37 25 39 36 2 3
34 1 2 12 33 32 74 23 34 2 30 63 7 4 48 33 38 21 15 37
25 83 14 18 27 23 26 8 11 35 24 38 12 10 27 35 28 20 40 4
25 29 13 13 18 40 14 24 1 14 10 3 28 16 94 36 8 12 15 82
72 8 72 51 28 65 31 26 16 13 25 32 11 4 17 13 40 72 34 12
5 5 29 24 39 18 4 27 8 82 3 23 39 6 12 38 100 25 36 4
18 22 37 21 24 22 21 30 38 27 11 10 20 36 84 21 28 39 11 30
38 37 35 16 16 4 7 4 39 9 9 30 2 14 7 21 37 1 6 17
13 98 14 13 29 28 28 33 74 4 30 34 11 80 9 22 29 66 16 18
8 34 13 37 3 11 12 14 27 5 14 26 46 23 34 37 43 1 10 6
24 27 39 27 98 40 7 27 36 10 37 28 2 23 16 17 26 10 1 11
24 39 20 39 68 38 14 23 19 29 28 69 1 18 11 8 20 29 12 39
57 30 23 3 13 4 38 18 1 25 16 8 11 11 100 2 17 2 38 27
13 28 25 7 4 34 21 25 26 28 31 1 6 28 36 19 19 30 11 25
9 39 39 34 26 10 8 25 3 1 24 11 21 35 37 4 33 15 33 33
10 8 12 27 45 2 21 37 39 18 21 2 18 2 19 35 25 37 30 30
37 12 19 32 33 21 12 30 1 21 9 4 1 16 19 24 10 24 19 17
39 31 13 32 36 22 40 88 25 21 87 19 12 34 36 30 15 16 20 37
30 17 9 25 7 35 15 7 81 97 3 9 9 13 39 37 25 12 5 12
30 38 38 29 31 50 12 30 23 40 7 4 20 27 28 39 9 40 26 37
39 61 15 31 34 23 34 23 40 30 31 12 29 27 11 14 27 37 58 20
29 35 40 75 21 54 9 10 31 21 40 10 19 19 17 39 37 10 25 33
28 23 19 31 31 14 7 11 19 28 36 22 27 10 17 4 23 8 7 45
28 31 33 22 18 14 36 14 12 86 13 18 3 20 38 9 34 8 9 28
21 4 53 13 11 15 1 78 32 23 10 25 17 20 34 90 25 26 11 9
37 31 3 37 9 75 9 71 37 36 17 10 30 64 21 24 6 17 12 16
11 16 12 35 24 7 34 36 5 26 15 4 27 9 3 32 40 33 20 55
37 1 17 27 11 16 11 11 21 46 8 31 5 34 9 29 19 72 17 34
88 30 21 9 26 25 38 37 29 11 5 30 27 57 30 35 31 33 25 32
8 26 27 100 53 28 15 17 27 7 61 9 20 37 35 13 9 14 35 13
25 12 20 30 12 34 37 9 4 28 37 27 14 13 25 30 10 39 4 39
28 11 14 5 48 4 23 13 25 23 10 27 33 11 5 14 40 11 39 22
13 11 39 31 18 13 3 17 29 36 35 28 28 14 10 33 72 13 81 19
25 9 21 14 1 30 1 5 11 91 37 19 11 28 4 20 20 29 21 39
18 24 15 12 19 24 93 31 48 32 30 17 33 10 13 22 3 17 68 17
7 53 11 10 4 21 26 39 5 36 10 31 33 8 17 11 21 13 100 34
20 1 37 18 39 61 18 34 11 4 31 43 26 21 24 36 40 25 19 10
4 6 31 27 13 71 25 1 14 20 74 28 9 31 15 27 32 20 19 23
22 37 13 72 4 36 19 17 14 9 6 9 4 77 4 4 40 20 30 2
37 9 33 5 22 3 28 37 12 1 11 25 28 18 38 1 39 85 20 3
24 2 9 26 29 34 25 11 21 22 1 22 20 75 7 17 26 83 16 27
10 37 9 22 12 1 3 15 16 18 36 25 32 20 37 39 90 27 27 23
24 25 6 4 13 26 15 37 68 37 40 27 30 32 17 39 8 22 49 20
7 6 6 3 6 31 25 35 7 68 15 30 29 37 22 30 4 21 99 24
39 4 6 19 3 14 1 35 4 17 14 6 8 20 12 12 35 3 31 36
32 3 10 55 18 25 21 22 39 39 89 25 24 11 35 6 45 35 88 28
29 16 27 5 19 29 25 8 19 27 31 30 16 37 17 21 17 10 19 25
33 17 26 29 39 4 8 19 79 15 82 12 25 11 9 23 30 39 25 4
31 7 40 35 17 33 28 30 3 16 24 4 40 8 13 18 17 7 16 12
100 38 13 21 16 31 21 8 73 16 40 40 14 13 48 64 72 5 25 16
35 2 3 39 26 34 11 4 34 6 38 26 82 7 25 12 19 55 3 9
17 3 23 48 35 16 96 9 6 18 30 8 17 15 2 28 10 10 39 20
9 1 11 33 32 1 19 16 10 23 4 24 4 22 17 34 25 2 35 35
59 9 25 1 35 21 13 99 58 14 5 20 5 12 95 33 30 6 35 38
31 37 40 18 19 26 23 33 22 27 35 38 26 33 17 11 5 11 8 9
16 49 31 29 27 38 26 6 14 74 2 37 18 31 38 15 23 63 7 43
11 10 57 37 4 25 37 6 4 6 1 35 13 40 12 20 7 7 23 36
23 25 29 89 3 5 23 32 18 40 8 34 23 24 1 26 1 33 2 12
6 31 26 27 31 96 5 4 1 16 35 35 24 78 8 38 23 93 62 15
17 17 20 8 30 31 8 40 4 24 36 26 30 40 1 15 26 27 39 2
36 22 30 22 22 11 39 24 30 1 30 72 22 16 55 82 34 8 14 35
24 89 25 96 25 14 13 27 11 22 17 11 2 22 35 14 10 89 14 46
3 56 21 33 28 37 94 25 34 19 17 1 100 7 28 20 14 16 22 33
29 9 22 6 13 29 16 71 20 10 13 35 11 18 24 16 4 20 13 22
10 37 95 5 23 9 35 30 39 24 21 31 24 6 25 48 7 28 11 33
25 7 24 4 40 12 9 6 19 24 32 16 40 6 40 27 39 20 5 39
34 3 31 87 13 2 21 36 36 15 25 51 28 14 2 54 31 14 13 2
37 87 10 39 1 21 30 7 2 14 37 20 25 17 18 7 11 25 3 21
40 30 9 25 24 37 14 11 14 17 40 15 34 33 13 32 23 86 13 35
21 18 30 1 40 7 1 3 9 16 37 17 29 30 6 6 18 28 3 25
12 34 1 13 15 14 32 16 4 9 4 66 14 34 37 8 37 16 35 18
62 40 15 27 28 39 40 36 29 13 39 11 9 14 4 3 20 2 11 23
10 15 42 9 29 16 13 25 9 15 21 6 7 35 29 35 5 26 33 38
33 23 27 15 18 11 2 2 27 26 24 9 23 4 23 17 18 39 6 12
25 22 7 87 26 34 67 37 43 12 8 39 8 38 4 12 13 8 10 12
30 29 56 39 34 9 21 14 37 8 37 2 6 13 35 20 7 20 34 22
40 34 34 26 18 46 39 24 49 17 23 8 26 16 8 87 32 3 10 1
38 17 13 30 3 3 28 2 31 22 22 23 32 1 64 8 30 23 25 16
36 30 70 38 30 5 16 34 40 28 29 22 48 10 25 26 39 35 12 37
12 3 17 38 22 20 18 31 12 34 34 23 40 26 23 25 7 37 23 17
34 46 30 1 3 11 6 30 23 18 26 96 25 71 23 36 26 29 5 35
39 21 23 39 12 29 35 12 3 25 40 11 3 74 38 20 23 39 32 29
55 10 3 24 77 6 32 39 17 36 6 19 19 66 35 1 20 6 31 25
70 20 33 40 27 19 37 35 36 21 52 38 7 10 7 13 39 38 3 36
21 23 35 40 30 7 33 25 10 4 37 36 21 1 40 18 23 18 13 39
23 8 30 3 38 11 19 57 24 31 40 20 89 32 14 14 24 6 21 8
12 40 92 12 21 6 14 18 38 3 7 34 25 5 7 3 16 49 10 32

Filtered Numbers (greater than 40):
56 93 46 62 88 67 67 91 95 95 43 43 49 85 43 42 85 49 48 73 64 88 71 96 74 63 48 83 94 82 72 72 51 65 72 82 100 84 98 74 80 66 46 43 98 68 69 57 100 45 88 87 81 97 50 61 58 75 54 45 86 53 78 90 75 71 64 55 46 72 88 57 100 53 61 48 72 81 91 93 48 68 53 100 61 43 71 74 72 77 85 75 83 90 68 49 68 99 55 89 45 88 79 82 100 73 48 64 72 82 55 48 96 59 99 58 95 49 74 63 43 57 89 96 78 93 62 72 55 82 89 96 89 46 56 94 100 71 95 48 87 51 54 87 86 66 62 42 87 67 43 56 46 49 87 64 70 48 46 96 71 74 55 77 66 70 52 57 89 92 49 